#PATH-POINTS-START part1
-155.417,-2.113,120,90
-154.087,-0.62,120
-152.767,0.883,120
-151.458,2.395,120
-150.162,3.918,120
-148.879,5.452,120
-147.613,7,120
-146.364,8.563,120
-145.137,10.142,120
-143.933,11.739,120
-142.757,13.357,120
-141.615,14.998,120
-140.51,16.665,120
-139.448,18.36,120
-138.429,20.081,120
-137.436,21.817,120
-136.414,23.536,120
-135.268,25.174,120
-133.94,26.668,120
-132.466,28.018,120
-130.901,29.264,120
-129.284,30.44,120
-127.635,31.571,120
-125.965,32.673,120
-124.282,33.753,120
-122.589,34.818,120
-120.889,35.871,120
-119.576,36.345,120,180
-119.887,34.37,120
-120.093,32.381,120
-120.197,30.384,120
-120.186,28.384,120
-120.062,26.388,120
-119.817,24.404,120
-119.439,22.44,120
-118.924,20.508,120
-118.261,18.622,120
-117.441,16.799,120
-116.449,15.063,120
-115.276,13.445,120
-113.918,11.978,120
-112.372,10.712,120
-110.657,9.688,120
-108.799,8.952,120
-106.849,8.522,120
-104.854,8.401,120
-102.863,8.564,120
-100.907,8.979,120
-99.01,9.607,120
-97.179,10.41,120
-95.418,11.356,120
-93.727,12.424,120
-92.104,13.592,120
-90.543,14.842,120
-89.041,16.162,120
-87.593,17.541,120
-86.195,18.971,120
-84.847,20.449,120
-83.54,21.963,120
-82.274,23.511,120
-81.048,25.091,120
-79.855,26.696,120
-78.696,28.326,120
-77.569,29.978,120
-76.469,31.649,120
-75.398,33.337,120
-74.354,35.043,120
-73.334,36.764,120
-72.337,38.497,120
-71.362,40.243,120,30.000000000000007
-70.278,41.923,120
-69.171,43.589,120
-68.064,45.255,120
-66.957,46.921,120
-65.85,48.586,120
-64.743,50.252,120
-63.636,51.918,120
-62.529,53.583,120
-61.422,55.249,120
-60.315,56.915,120
-59.208,58.581,120
-58.101,60.246,120
-56.994,61.912,120
-55.887,63.578,120
-54.78,65.243,120
-53.673,66.909,120
-52.566,68.575,120
-51.459,70.241,120
-50.352,71.906,120
-49.246,73.572,120
-48.139,75.238,120
-47.032,76.903,120
-45.925,78.569,120
-44.818,80.235,120
-43.711,81.901,120
-42.604,83.566,120
-41.497,85.232,120
-40.39,86.898,120
-39.283,88.563,120
-38.176,90.229,120
-37.069,91.895,120
-35.962,93.56,120
-34.855,95.226,120
-33.748,96.892,120
-32.641,98.558,120
-31.534,100.223,120
-30.427,101.889,120
-29.32,103.555,120
-28.213,105.22,120
-27.106,106.886,120
-25.999,108.552,120
-24.892,110.218,120
-23.785,111.883,120
-22.678,113.549,120
-21.571,115.215,120
-20.464,116.88,120
-19.357,118.546,120
-18.25,120.212,120
-17.143,121.878,120
-16.036,123.543,120
-14.929,125.209,120
-13.822,126.875,120
-12.715,128.54,120
-11.608,130.206,120
-10.501,131.872,120,60.30302779667967
-9.463,133.579,120
-8.509,135.337,120
-7.571,137.103,120
-6.648,138.878,120
-5.744,140.662,120
-4.86,142.455,120
-4,144.261,120
-3.166,146.079,120
-2.364,147.911,120
-1.599,149.759,120
-0.881,151.625,120
-0.219,153.513,120
0.369,155.424,120
0.857,157.363,120
1.201,159.333,120
1.319,161.327,120
1.039,163.301,120
0.036,165.005,120
-1.728,165.889,120
-3.719,165.965,120
-5.683,165.6,120
-7.588,164.991,120
-9.438,164.234,120
-11.243,163.373,120
-13.01,162.436,120
-14.743,161.439,120
-16.449,160.394,120
-18.127,159.307,120
-19.783,158.185,120
-21.417,157.032,120
-23.03,155.849,120,0
-24.389,154.393,120
-25.686,152.87,120
-26.983,151.348,120
-28.28,149.825,120
-29.577,148.303,120
-30.874,146.78,120
-32.171,145.258,120
-33.468,143.735,120
-34.765,142.213,120
-36.062,140.69,120
-37.359,139.168,120
-38.655,137.646,120
-39.952,136.123,120
-41.249,134.601,120
-42.546,133.078,120,223.63637491494154
-43.851,131.563,120
-45.177,130.065,120
-46.525,128.587,120
-47.899,127.134,120
-49.301,125.708,120
-50.736,124.315,120
-52.207,122.96,120
-53.72,121.652,120
-55.279,120.4,120
-56.891,119.216,120
-58.561,118.116,120
-60.295,117.12,120
-62.095,116.251,120
-63.963,115.536,120
-65.889,115.001,120
-67.86,114.666,120
-69.855,114.541,120
-71.852,114.619,120
-73.835,114.875,120
-75.794,115.279,120
-77.724,115.801,120
-79.629,116.408,120
-81.514,117.077,120
-83.385,117.785,120
-85.248,118.512,120,248.8888956705728
-87.174,119.045,120
-89.142,119.403,120
-91.126,119.651,120
-93.119,119.824,120
-95.115,119.943,120
-97.113,120.022,120
-99.113,120.069,120
-101.113,120.09,120
-103.113,120.092,120
-105.113,120.077,120
-107.112,120.048,120
-109.112,120.009,120
-111.111,119.96,120
-113.111,119.904,120
-115.11,119.843,120
-117.109,119.776,120
-119.107,119.707,120
-121.106,119.635,120
-123.105,119.561,120
-125.103,119.486,120
-127.102,119.412,120
-129.101,119.338,120
-131.099,119.266,120
-132.992,118.798,120,271.1111165364582
-134.794,117.932,120
-136.641,117.166,120
-138.529,116.506,120
-140.452,115.957,120
-142.404,115.523,120
-144.378,115.207,120
-146.369,115.011,120
-148.367,114.938,120
-150.366,114.988,120
-152.358,115.161,120
-154.335,115.458,120
-156.29,115.878,120
-158.214,116.422,120
-160.097,117.097,120
-161.93,117.895,120
-163.7,118.825,120
-165.395,119.886,120
-166.993,121.087,120
-168.476,122.428,120
-169.809,123.917,120
-170.95,125.558,120
-171.839,127.347,120
-172.406,129.261,120
-172.568,131.25,120
-172.276,133.223,120
-171.541,135.079,120
-170.433,136.74,120
-169.056,138.188,120
-167.486,139.424,120
-165.791,140.485,120
-164.008,141.389,120
-162.163,142.16,120
-160.274,142.815,120
-158.354,143.375,120
-156.413,143.856,120
-154.453,144.257,120
-152.483,144.599,120
-150.503,144.878,120
-148.516,145.107,120
-146.524,145.291,120
-144.529,145.433,120
-142.532,145.533,120
-140.533,145.598,120
-138.533,145.631,120
-136.533,145.634,120
-134.534,145.608,120
-132.534,145.557,120,44.44444173177083
-130.55,145.581,120
-128.665,146.25,120
-126.796,146.96,120
-124.944,147.717,120
-123.117,148.53,120
-121.322,149.411,120
-119.571,150.377,120
-117.888,151.456,120
-116.312,152.685,120
-114.94,154.136,120
-114.021,155.899,120
-114.101,157.863,120
-115.262,159.468,120
-116.914,160.587,120
-118.747,161.382,120
-120.661,161.959,120
-122.617,162.375,120
-124.596,162.665,120
-126.587,162.852,120
-128.584,162.946,120
-130.584,162.961,120
-132.583,162.901,120
-134.579,162.774,120
-136.569,162.579,120
-138.553,162.324,120
-140.528,162.008,120
-142.492,161.634,120
-144.445,161.202,120
-146.384,160.713,120
-148.308,160.166,120
-150.215,159.563,120
-152.103,158.903,120
-153.97,158.186,120
-155.814,157.412,120
-157.632,156.58,120
-159.423,155.691,120
-161.184,154.743,120
-162.306,153.98,120,88.88888346354165
-160.35,154.396,120
-158.389,154.788,120
-156.423,155.157,120
-154.453,155.5,120
-152.478,155.815,120
-150.498,156.102,120
-148.515,156.358,120
-146.527,156.581,120
-144.536,156.768,120
-142.542,156.918,120
-140.545,157.027,120
-138.546,157.091,120
-136.546,157.107,120
-134.547,157.071,120
-132.549,156.977,120
-130.555,156.821,120
-128.568,156.596,120
-126.591,156.295,120
-124.628,155.91,120
-122.687,155.431,120
-120.773,154.851,120
-118.898,154.155,120
-117.074,153.338,120
-115.315,152.386,120
-113.641,151.292,120
-112.074,150.052,120
-110.634,148.664,120
-109.344,147.138,120
-108.219,145.485,120
-107.269,143.726,120
-106.498,141.882,120
-105.9,139.974,120,188.88887736002602
-106.431,138.143,120
-107.308,136.345,120
-108.175,134.543,120
-109.03,132.735,120
-109.873,130.921,120
-110.701,129.101,120
-111.516,127.274,120
-112.316,125.441,120
-113.101,123.601,120
-113.868,121.755,120
-114.618,119.901,120
-115.349,118.039,120
-116.058,116.169,120
-116.746,114.291,120
-117.407,112.404,120
-118.041,110.507,120
-118.647,108.601,120
-119.222,106.685,120
-119.761,104.759,120
-120.258,102.822,120
-120.717,100.875,120
-121.122,98.917,120
-121.477,96.949,120
-121.767,94.97,120
-121.988,92.982,120
-122.132,90.988,120
-122.185,88.989,120
-122.135,86.99,120
-121.968,84.997,120
-121.671,83.02,120
-121.221,81.072,120
-120.612,79.167,120
-119.831,77.327,120
-118.873,75.572,120
-117.747,73.92,120
-116.468,72.384,120
-115.056,70.969,120
-113.536,69.669,120
-111.934,68.472,120
-110.27,67.363,120
-108.563,66.321,120
-106.83,65.324,120
-105.084,64.349,120
-103.339,63.37,120
-101.611,62.363,120
-99.919,61.298,120
-98.285,60.145,120
-96.742,58.873,120
-95.331,57.457,120,90
-94.338,55.732,120
-93.489,53.921,120
-92.717,52.077,120
-92.018,50.203,120
-91.394,48.303,120
-90.843,46.381,120
-90.365,44.439,120
-89.96,42.48,120
-89.627,40.508,120
-89.364,38.526,120
-89.174,36.535,120
-89.049,34.539,120
-88.995,32.54,120
-89.006,30.54,120
-89.081,28.541,120
-89.219,26.546,120
-89.42,24.556,120
-89.678,22.573,120
-89.995,20.599,120
-90.366,18.633,120
-90.79,16.679,120
-91.265,14.736,120
-91.792,12.807,120
-92.365,10.891,120
-92.983,8.989,120
-93.644,7.101,120
-94.349,5.23,120
-95.092,3.373,120
-95.874,1.532,120
-96.693,-0.292,120
-97.546,-2.101,120
-98.434,-3.893,120
-99.353,-5.67,120
-100.303,-7.43,120
-101.283,-9.173,120
-102.289,-10.902,120
-103.324,-12.613,120
-104.384,-14.309,120
-105.468,-15.989,120
-106.576,-17.655,120
-107.708,-19.304,120
-108.86,-20.938,120
-110.033,-22.558,120
-111.226,-24.163,120
-112.437,-25.755,120
-113.668,-27.331,120
-114.917,-28.893,120
-116.183,-30.442,120
-117.464,-31.977,120
-118.762,-33.499,120
-120.074,-35.009,120
-122.05,-37.23,120,0
-122.05,-37.23,0,0
#PATH-POINTS-START part2
-121.768,-38.122,120,0
-119.875,-37.477,120
-117.997,-36.79,120
-116.134,-36.063,120
-114.284,-35.303,120
-112.442,-34.523,120
-110.603,-33.737,120
-108.757,-32.968,120
-106.89,-32.251,120
-104.989,-31.632,120
-103.043,-31.172,120
-101.059,-30.936,120
-99.061,-30.974,120
-97.087,-31.289,120
-95.168,-31.85,120
-93.317,-32.603,120
-91.531,-33.502,120
-89.803,-34.51,120
-88.125,-35.598,120
-86.49,-36.749,120
-84.889,-37.947,120
-83.317,-39.184,120
-81.77,-40.452,120
-80.243,-41.744,120
-78.735,-43.057,120
-77.241,-44.387,120,116.66665954589843
-75.761,-45.732,120
-74.293,-47.09,120
-72.834,-48.458,120
-71.384,-49.835,120
-69.941,-51.221,120
-68.505,-52.613,120
-67.075,-54.011,120
-65.651,-55.415,120
-64.232,-56.825,120
-62.818,-58.239,120
-61.408,-59.658,120
-60.003,-61.081,120
-58.601,-62.507,120
-57.204,-63.938,120
-55.81,-65.373,120
-54.42,-66.811,120
-53.034,-68.252,120
-51.65,-69.696,120
-50.27,-71.144,120
-48.893,-72.594,120
-47.52,-74.048,120
-46.149,-75.505,120
-44.782,-76.964,120
-43.417,-78.427,120
-42.056,-79.892,120
-40.698,-81.36,120
-39.343,-82.831,120
-37.991,-84.305,120
-36.642,-85.781,120
-35.296,-87.261,120
-33.954,-88.744,120
-32.615,-90.229,120
-31.279,-91.717,120
-29.947,-93.209,120
-28.618,-94.704,120
-27.293,-96.202,120
-25.972,-97.704,120
-24.655,-99.209,120
-23.342,-100.717,120
-22.033,-102.23,120
-20.729,-103.746,120
-19.43,-105.267,120
-18.137,-106.793,120
-16.849,-108.323,120
-15.567,-109.858,120
-14.292,-111.399,120
-13.025,-112.946,120
-11.765,-114.499,120
-10.515,-116.06,120
-9.275,-117.63,120
-8.047,-119.208,120
-6.833,-120.798,120
-5.637,-122.4,120
-4.46,-124.018,120
-3.312,-125.655,120
-2.198,-127.316,120
-1.138,-129.012,120
-0.166,-130.76,120
0.614,-132.599,120
0.726,-134.575,120,183.3333221435547
0.141,-136.482,120
-0.775,-138.259,120
-1.875,-139.928,120
-3.1,-141.508,120
-4.414,-143.016,120
-5.799,-144.458,120
-7.244,-145.841,120
-8.742,-147.166,120
-10.287,-148.436,120
-11.876,-149.65,120
-13.508,-150.806,120
-15.18,-151.903,120
-16.894,-152.934,120
-18.649,-153.893,120
-20.445,-154.772,120
-22.284,-155.557,120
-24.166,-156.233,120
-26.089,-156.779,120
-28.051,-157.165,120
-30.041,-157.351,120
-32.038,-157.287,120
-34,-156.913,120
-35.858,-156.184,120
-37.525,-155.085,120
-38.93,-153.667,120
-40.052,-152.015,120
-40.907,-150.209,120
-41.54,-148.313,120
-41.98,-146.363,120
-42.272,-144.385,120
-42.439,-142.392,120
-42.503,-140.393,120
-42.482,-138.394,120,310.00000305175774
-43.542,-136.713,120
-44.696,-135.08,120
-45.903,-133.485,120
-47.163,-131.933,120
-48.48,-130.428,120
-49.854,-128.974,120
-51.285,-127.578,120
-52.775,-126.243,120
-54.321,-124.976,120
-55.924,-123.78,120
-57.583,-122.663,120
-59.295,-121.628,120
-61.055,-120.68,120
-62.861,-119.82,120
-64.708,-119.053,120
-66.591,-118.38,120
-68.505,-117.802,120
-70.446,-117.319,120
-72.407,-116.927,120
-74.384,-116.626,120
-76.372,-116.412,120
-78.368,-116.284,120
-80.367,-116.235,120
-82.367,-116.263,120
-84.364,-116.363,120
-86.357,-116.531,120
-88.343,-116.761,120
-90.322,-117.051,120
-92.292,-117.397,120
-94.253,-117.793,120
-96.203,-118.236,120
-98.143,-118.723,120
-100.072,-119.249,120
-101.994,-119.803,120,270
-103.916,-120.356,120
-105.841,-120.898,120
-107.773,-121.413,120
-109.721,-121.867,120
-111.695,-122.181,120
-113.693,-122.247,120
-115.685,-122.078,120
-117.667,-121.809,120
-119.646,-121.524,120
-121.628,-121.252,120
-123.612,-121.001,120
-125.599,-120.771,120
-127.588,-120.562,120
-129.578,-120.37,120
-131.571,-120.195,120
-133.564,-120.034,120
-135.559,-119.886,120
-137.554,-119.751,120
-139.55,-119.626,120
-141.547,-119.51,120
-143.527,-119.539,120,266.66665039062497
-145.411,-120.208,120
-147.252,-120.989,120
-149.05,-121.865,120
-150.803,-122.826,120
-152.513,-123.863,120
-154.182,-124.966,120
-155.807,-126.131,120
-157.39,-127.353,120
-158.93,-128.628,120
-160.427,-129.955,120
-161.878,-131.331,120
-163.284,-132.753,120
-164.639,-134.224,120
-165.941,-135.742,120
-167.186,-137.307,120
-168.366,-138.922,120
-169.471,-140.589,120
-170.49,-142.31,120
-171.404,-144.088,120
-172.188,-145.927,120
-172.805,-147.829,120
-173.197,-149.789,120
-173.272,-151.784,120
-172.92,-153.747,120
-172.036,-155.532,120
-170.658,-156.971,120
-168.947,-157.997,120
-167.066,-158.67,120
-165.107,-159.065,120
-163.117,-159.259,120
-161.118,-159.295,120
-159.126,-159.362,120,166.6666564941406
-157.179,-159.811,120
-155.246,-159.949,120
-153.32,-159.411,120
-151.394,-158.872,120
-149.464,-158.346,120
-147.531,-157.832,120
-145.596,-157.329,120
-143.658,-156.834,120
-141.718,-156.346,120
-140.973,-156.212,120,66.66666259765626
-142.87,-156.846,120
-144.767,-157.481,120
-146.664,-158.115,120
-148.56,-158.749,120
-148.715,-157.873,120,90
-146.819,-157.727,120,90
-144.819,-157.752,120
-142.82,-157.776,120
-140.82,-157.8,120
-138.82,-157.825,120
-136.82,-157.849,120
-134.82,-157.874,120
-132.82,-157.898,120
-130.82,-157.922,120
-128.821,-157.947,120
-126.821,-157.971,120
-124.821,-157.996,120
-122.821,-158.02,120
-120.821,-158.044,120
-118.821,-158.069,120
-116.821,-158.093,120
-114.822,-158.118,120
-112.822,-158.142,120
-110.822,-158.166,120
-108.829,-158.162,120,66.66666259765626
-107.041,-157.264,120
-105.254,-156.366,120
-103.467,-155.469,120
-101.68,-154.571,120
-99.892,-153.674,120
-98.105,-152.776,120
-96.318,-151.878,120
-94.531,-150.981,120
-92.743,-150.083,120
-90.956,-149.186,120
-89.169,-148.288,120
-87.382,-147.39,120
-85.594,-146.493,120
-83.807,-145.595,120
-82.02,-144.698,120
-80.233,-143.8,120
-78.445,-142.902,120
-76.658,-142.005,120
-74.871,-141.107,120
-73.083,-140.21,120
-71.296,-139.312,120
-69.509,-138.414,120
-67.722,-137.517,120
-65.934,-136.619,120
-64.147,-135.721,120
-62.36,-134.824,120
-60.573,-133.926,120
-58.785,-133.029,120
-56.998,-132.131,120
-55.211,-131.233,120
-53.424,-130.336,120
-51.636,-129.438,120
-49.849,-128.541,120
-48.062,-127.643,120
-46.275,-126.745,120
-44.487,-125.848,120
-42.7,-124.95,120
-40.913,-124.053,120
-39.126,-123.155,120
-37.338,-122.257,120
-35.551,-121.36,120
-33.764,-120.462,120
-31.976,-119.565,120
-30.189,-118.667,120
-28.402,-117.769,120
-26.615,-116.872,120
-24.827,-115.974,120
-23.04,-115.077,120
-21.253,-114.179,120
-19.466,-113.281,120
-17.678,-112.384,120
-15.891,-111.486,120
-14.104,-110.589,120
-12.317,-109.691,120
-10.529,-108.793,120
-8.742,-107.896,120
-6.955,-106.998,120
-5.168,-106.101,120
-3.38,-105.203,120
-1.593,-104.305,120
0.174,-103.418,120,66.667
0.174,-103.418,0,66.667
#PATH-POINTS-START part 3
0.206,-103.01,120,49.99999694824219
1.645,-101.621,120
3.052,-100.2,120
4.424,-98.745,120
5.759,-97.255,120
7.053,-95.731,120
8.306,-94.172,120
9.516,-92.58,120
10.683,-90.955,120
11.808,-89.301,120
12.893,-87.622,120
13.946,-85.922,120
14.976,-84.207,120
15.996,-82.487,120
17.024,-80.771,120
18.078,-79.071,120
19.182,-77.404,120
20.356,-75.785,120
21.618,-74.234,120
22.978,-72.768,120
24.436,-71.399,120
25.986,-70.136,120
27.616,-68.978,120
29.313,-67.921,120
31.065,-66.957,120
32.861,-66.077,120
34.692,-65.271,120
36.549,-64.531,120
38.429,-63.847,120
40.326,-63.214,120
42.237,-62.624,120
44.158,-62.069,120,83.33366564941406
46.08,-61.514,120
47.998,-60.949,120
49.915,-60.377,120
51.829,-59.798,120
53.741,-59.212,120
55.653,-58.623,120
57.563,-58.031,120
59.474,-57.442,120
61.388,-56.859,120
63.305,-56.29,120
65.229,-55.745,120
67.164,-55.239,120
69.114,-54.793,120
71.082,-54.439,120
73.069,-54.219,120
75.068,-54.185,120
77.056,-54.385,120
79.002,-54.841,120
80.877,-55.534,120
82.671,-56.416,120
84.391,-57.435,120
86.052,-58.55,120
87.665,-59.731,120
89.244,-60.959,120
90.794,-62.223,120,166.6666564941406
92.287,-63.553,120
93.707,-64.961,120
95.051,-66.442,120
96.309,-67.996,120
97.475,-69.621,120
98.536,-71.316,120
99.484,-73.076,120
100.305,-74.899,120
100.987,-76.779,120
101.518,-78.707,120
101.883,-80.672,120
102.072,-82.663,120
102.08,-84.662,120
101.9,-86.653,120
101.535,-88.619,120
100.992,-90.543,120
100.282,-92.412,120
99.416,-94.214,120
98.412,-95.943,120
97.287,-97.596,120
96.054,-99.17,120
94.728,-100.667,120
93.32,-102.087,120
91.844,-103.437,120
90.306,-104.715,120
88.718,-105.93,120
87.085,-107.085,120
85.412,-108.181,120
83.705,-109.223,120
81.969,-110.216,120
80.206,-111.161,120
78.42,-112.061,120
76.595,-112.38,120,243.33334045410143
74.726,-111.668,120
72.852,-110.97,120
70.974,-110.282,120
69.092,-109.605,120
67.206,-108.941,120
65.313,-108.293,120
63.417,-107.659,120
61.515,-107.039,120
59.609,-106.435,120
57.697,-105.848,120
55.778,-105.282,120
53.855,-104.735,120
51.925,-104.209,120
49.989,-103.706,120
48.048,-103.227,120
46.1,-102.774,120
44.145,-102.35,120
42.185,-101.956,120
40.217,-101.595,120
38.244,-101.271,120
36.264,-100.991,120
34.278,-100.755,120
32.287,-100.566,120
30.291,-100.43,120
28.293,-100.361,120
26.293,-100.356,120
24.295,-100.431,120
22.301,-100.586,120
20.318,-100.846,120
18.352,-101.213,120
16.413,-101.701,120
14.514,-102.325,120
12.67,-103.098,120
10.901,-104.029,120
9.228,-105.122,120
7.671,-106.376,120
6.254,-107.786,120
4.982,-109.328,120
3.865,-110.986,120
2.9,-112.737,120
2.076,-114.559,120
1.386,-116.436,120
0.815,-118.352,120
0.347,-120.296,120
-0.029,-122.261,120
-0.325,-124.238,120
-0.551,-126.225,120
-0.718,-128.218,120
-0.833,-130.215,120
-0.905,-132.214,120
-0.939,-134.213,120
-0.942,-136.213,120
-0.92,-138.213,120
-0.877,-140.213,120
-0.819,-142.212,120
-0.749,-144.211,120
-0.672,-146.209,120
-0.592,-148.207,120
-0.513,-150.206,120
-0.441,-152.205,120
-0.379,-154.204,120
-0.333,-156.203,120
-0.31,-157.705,120,0
-0.31,-157.705,0,0
#PATH-POINTS-START part 4
-1.28,-160.613,120,0
0.076,-159.143,120
1.432,-157.673,120
2.791,-156.205,120
4.151,-154.739,120
5.513,-153.274,120
6.877,-151.812,120
8.243,-150.351,120
9.61,-148.891,120
10.979,-147.434,120
12.351,-145.978,120
13.724,-144.524,120
15.1,-143.072,120
16.478,-141.622,120
17.857,-140.174,120
19.239,-138.728,120
20.623,-137.284,120
22.009,-135.843,120
23.397,-134.403,120
24.788,-132.965,120
26.181,-131.53,120
27.576,-130.097,120
28.974,-128.667,120
30.374,-127.238,120
31.776,-125.813,120
33.181,-124.389,120
34.588,-122.968,120
35.998,-121.55,120
37.411,-120.134,120
38.826,-118.721,120
40.244,-117.31,120
41.665,-115.903,120
43.088,-114.498,120
44.514,-113.095,120
45.943,-111.696,120
47.375,-110.3,120
48.81,-108.907,120
50.248,-107.516,120
51.688,-106.129,120
53.132,-104.745,120
54.579,-103.364,120
56.028,-101.986,120
57.481,-100.611,120
58.937,-99.24,120
60.396,-97.872,120
61.858,-96.507,120
63.323,-95.146,120
64.791,-93.788,120
66.262,-92.433,120
67.737,-91.081,120
69.214,-89.734,120
70.695,-88.389,120
72.178,-87.048,120
73.665,-85.71,120
75.155,-84.375,120
76.647,-83.044,120
78.143,-81.716,120
79.641,-80.391,120
81.142,-79.069,120
82.645,-77.75,120
84.151,-76.434,120
85.659,-75.121,120
87.17,-73.81,120
88.683,-72.502,120
90.197,-71.196,120
91.714,-69.891,120
93.232,-68.589,120
94.751,-67.289,120
96.272,-65.99,120
97.793,-64.692,120
99.316,-63.395,120
100.839,-62.098,120
102.362,-60.802,120
103.885,-59.506,120
105.408,-58.21,120
106.931,-56.913,120
108.452,-55.615,120
109.973,-54.316,120
111.493,-53.016,120
113.011,-51.713,120
114.527,-50.409,120
116.041,-49.102,120
117.553,-47.793,120,116.66665954589843
119.425,-47.634,120
121.423,-47.601,120
123.379,-47.203,120
125.183,-46.354,120
126.68,-45.038,120
127.759,-43.361,120
128.412,-41.475,120
128.696,-39.498,120
128.673,-37.5,120
128.386,-35.521,120
127.864,-33.592,120
127.118,-31.738,120
126.146,-29.992,120
124.932,-28.405,120
123.457,-27.06,120
121.714,-26.091,120
119.828,-25.431,120,180
118.067,-24.485,120
116.4,-23.381,120
114.795,-22.189,120
113.235,-20.936,120
111.712,-19.64,120
110.218,-18.31,120
108.751,-16.952,120
107.305,-15.569,120
105.88,-14.166,120
104.473,-12.745,120
103.083,-11.307,120
101.709,-9.854,120
100.35,-8.387,120
99.005,-6.906,120
97.674,-5.413,120
96.357,-3.909,120
95.052,-2.392,120
93.761,-0.865,120
92.482,0.673,120
91.216,2.221,120
89.963,3.779,120
88.722,5.348,120
87.494,6.927,120
86.279,8.515,120
85.076,10.113,120
83.887,11.721,120
82.711,13.339,120
81.548,14.966,120
80.4,16.603,120
79.266,18.251,120
78.147,19.909,120
77.043,21.576,120
75.955,23.254,120
74.883,24.943,120
73.829,26.643,120
72.793,28.354,120
71.776,30.076,120
70.779,31.809,120
69.802,33.555,120
68.848,35.312,120
67.917,37.082,120
67.011,38.865,120
66.134,40.663,120,343.3333343505859
65.31,42.485,120
64.518,44.321,120
63.759,46.172,120
63.04,48.038,120
62.36,49.919,120
61.722,51.814,120
61.13,53.725,120
60.588,55.65,120
60.101,57.589,120
59.672,59.543,120
59.305,61.509,120
59.006,63.486,120
58.781,65.473,120
58.635,67.468,120
58.572,69.467,120
58.598,71.466,120
58.724,73.462,120
58.949,75.449,120
59.282,77.421,120
59.726,79.371,120
60.284,81.291,120
60.956,83.174,120
61.746,85.011,120
62.648,86.796,120
63.66,88.52,120
64.777,90.179,120
65.989,91.769,120
67.295,93.283,120
68.682,94.725,120
70.145,96.088,120
71.672,97.378,120
73.262,98.592,120
74.902,99.736,120
76.588,100.811,120
78.316,101.818,120
80.079,102.763,120
81.872,103.649,120
83.692,104.477,120
85.536,105.251,120
87.401,105.974,120
89.283,106.649,120
91.182,107.279,120
93.094,107.866,120
95.018,108.411,120
96.952,108.918,120
98.895,109.392,120,49.99999694824219
100.841,109.857,120
102.786,110.322,120
104.731,110.787,120
106.676,111.252,120
108.621,111.717,120
110.566,112.183,120
112.512,112.648,120
114.457,113.113,120
116.402,113.578,120
118.347,114.043,120
120.292,114.508,120
122.237,114.973,120
124.183,115.439,120
126.128,115.904,120
128.073,116.369,120
130.018,116.834,120
131.963,117.299,120
133.616,117.613,120,83.33332824707031
132.115,116.291,120
130.613,114.97,120
129.112,113.648,120
127.611,112.327,120
126.11,111.005,120
124.608,109.684,120
123.107,108.362,120
121.606,107.041,120
120.105,105.719,120
118.603,104.398,120
117.102,103.077,120
115.601,101.755,120
114.1,100.434,120
112.598,99.112,120
111.097,97.791,120
109.596,96.469,120
108.095,95.148,120
106.594,93.826,120
105.092,92.505,120
103.591,91.183,120
102.09,89.862,120
100.589,88.54,120
99.087,87.219,120
97.586,85.897,120
96.085,84.576,120
94.584,83.254,120
93.082,81.933,120
91.581,80.611,120
90.08,79.29,120
88.579,77.968,120
87.078,76.647,120
85.576,75.326,120
84.075,74.004,120
82.574,72.683,120
81.073,71.361,120
79.571,70.04,120
78.07,68.718,120
76.569,67.397,120
75.068,66.075,120
73.566,64.754,120
72.065,63.432,120
70.564,62.111,120
69.063,60.789,120
67.561,59.468,120
66.06,58.146,120
64.559,56.825,120
63.058,55.503,120
61.557,54.182,120
60.055,52.86,120
58.554,51.539,120
57.053,50.218,120
55.552,48.896,120
54.05,47.575,120
52.549,46.253,120
51.048,44.932,120
49.547,43.61,120
48.045,42.289,120
46.544,40.967,120
45.043,39.646,120
43.542,38.324,120
42.04,37.003,120
40.539,35.681,120
39.038,34.36,120
37.537,33.038,120
36.036,31.717,120
34.534,30.395,120
33.033,29.074,120
31.532,27.752,120
30.031,26.431,120
28.529,25.109,120
27.028,23.788,120
25.527,22.467,120
24.026,21.145,120
22.524,19.824,120
21.023,18.502,120
19.522,17.181,120
18.021,15.859,120
16.52,14.538,120
15.018,13.216,120,226.66667480468737
13.3,12.26,120
11.778,10.972,120
10.506,9.43,120
9.385,7.774,120
8.376,6.048,120
7.447,4.277,120
6.585,2.472,120
5.782,0.641,120
5.03,-1.213,120
4.326,-3.084,120
3.665,-4.972,120
3.046,-6.874,120
2.469,-8.789,120
1.934,-10.716,120
1.437,-12.653,120
0.983,-14.601,120
0.572,-16.558,120
0.203,-18.523,120
-0.119,-20.497,120
-0.391,-22.479,120
-0.613,-24.466,120
-0.779,-26.459,120
-0.881,-28.456,120
-0.918,-30.456,120
-0.882,-32.455,120
-0.763,-34.452,120
-0.546,-36.44,120
-0.223,-38.413,120
0.222,-40.362,120
0.808,-42.274,120
1.556,-44.128,120
2.492,-45.894,120
3.63,-47.537,120
4.976,-49.013,120
6.525,-50.275,120
8.252,-51.28,120
10.107,-52.021,120
12.045,-52.505,120
14.028,-52.755,120
16.026,-52.803,120
18.022,-52.684,120
20.003,-52.409,120
21.965,-52.026,120
23.903,-51.53,120
25.818,-50.954,120
27.709,-50.306,120
29.577,-49.59,120
31.421,-48.817,120
33.245,-47.996,120
35.049,-47.132,120
36.834,-46.23,120
38.601,-45.294,120
40.352,-44.327,120
42.086,-43.331,120
43.803,-42.306,120,133.33332519531248
45.182,-43.259,120
46.453,-44.803,120
47.713,-46.357,120
48.96,-47.92,120
50.193,-49.495,120
51.412,-51.08,120
52.616,-52.677,120
53.801,-54.288,120
54.967,-55.913,120
56.111,-57.554,120
57.231,-59.211,120
58.322,-60.887,120
59.382,-62.583,120
60.406,-64.301,120
61.387,-66.044,120
62.321,-67.812,120
63.196,-69.61,120
64.007,-71.438,120
64.745,-73.297,120
65.404,-75.185,120
65.992,-77.097,120
66.547,-79.018,120
67.152,-80.924,120
67.927,-82.767,120
68.946,-84.486,120
70.184,-86.055,120
71.576,-87.49,120
73.065,-88.825,120
74.617,-90.086,120
76.212,-91.292,120
77.836,-92.459,120
79.482,-93.595,120
81.145,-94.707,120
82.82,-95.8,120
84.504,-96.878,120
86.198,-97.942,120
87.897,-98.996,120
89.602,-100.041,120
91.312,-101.079,120
93.025,-102.111,120
94.742,-103.136,120
96.462,-104.157,120
98.185,-105.174,120
99.909,-106.187,120
101.635,-107.197,120,133.33332519531248
103.442,-108.034,120
105.326,-108.706,120
107.209,-109.379,120
109.093,-110.052,120
110.976,-110.724,120
112.86,-111.397,120
114.743,-112.07,120
116.627,-112.742,120
118.51,-113.415,120
120.394,-114.088,120
122.277,-114.76,120
124.161,-115.433,120
126.044,-116.106,120
127.928,-116.778,120
129.811,-117.451,120
131.695,-118.124,120
133.578,-118.796,120
135.028,-119.85,120,199.9999877929687
135.456,-121.804,120
135.883,-123.758,120
136.311,-125.712,120
136.738,-127.666,120
137.165,-129.619,120
137.593,-131.573,120,216.6666534423828
136.105,-132.872,120
134.57,-134.154,120
133.035,-135.436,120
131.501,-136.718,120
129.966,-138.001,120
128.431,-139.283,120
126.896,-140.565,120
125.361,-141.847,120
123.826,-143.13,120
122.291,-144.412,120
120.757,-145.694,120
119.222,-146.976,120
117.687,-148.259,120
116.152,-149.541,120
114.617,-150.823,120
113.082,-152.105,120
111.547,-153.388,120
110.012,-154.67,120
108.478,-155.952,120
106.943,-157.234,120
106.04,-158.288,120,260.0000061035155
108.04,-158.293,120
110.04,-158.297,120
112.04,-158.301,120
114.04,-158.305,120
116.04,-158.31,120
118.04,-158.314,120
120.04,-158.318,120
122.04,-158.322,120
124.04,-158.327,120
126.04,-158.331,120
128.04,-158.335,120
130.04,-158.339,120
132.04,-158.344,120
134.04,-158.348,120
136.04,-158.352,120
138.04,-158.356,120
140.04,-158.361,120
142.04,-158.365,120
144.04,-158.369,120
146.04,-158.373,120
148.04,-158.378,120
149.939,-158.356,120,270
148.182,-157.401,120
146.425,-156.445,120
144.669,-155.489,120
142.912,-154.533,120
141.156,-153.576,120
139.399,-152.619,120
137.643,-151.662,120
135.887,-150.705,120
134.132,-149.747,120
132.376,-148.789,120
130.621,-147.83,120
128.865,-146.872,120
127.11,-145.913,120
125.356,-144.953,120
123.601,-143.993,120
121.847,-143.033,120
120.093,-142.072,120
118.339,-141.11,120
116.585,-140.148,120
114.832,-139.186,120
113.079,-138.223,120
111.327,-137.259,120
109.575,-136.295,120
107.823,-135.33,120
106.072,-134.364,120
104.321,-133.397,120
102.571,-132.429,120
100.821,-131.46,120
99.072,-130.49,120
97.324,-129.518,120
95.577,-128.546,120
93.83,-127.571,120
92.085,-126.594,120
90.341,-125.615,120
88.598,-124.633,120
86.858,-123.648,120
85.12,-122.659,120
83.385,-121.664,120
81.654,-120.662,120
79.93,-119.647,120
78.219,-118.612,120
76.553,-117.507,120
77.814,-117.728,120
79.643,-118.538,120
81.457,-119.38,120
83.264,-120.237,120
85.066,-121.103,120
86.866,-121.976,120
88.663,-122.853,120
90.459,-123.734,120
92.253,-124.617,120
94.046,-125.504,120
95.838,-126.392,120
97.629,-127.282,120
99.42,-128.173,120
101.209,-129.066,120
102.998,-129.959,120
104.787,-130.854,120
106.575,-131.75,120
108.363,-132.646,120
110.151,-133.543,120
111.938,-134.441,120
113.725,-135.339,120
115.512,-136.237,120
117.299,-137.136,120
119.085,-138.035,120
120.871,-138.935,120
122.657,-139.835,120
124.443,-140.735,120
126.229,-141.635,120
128.015,-142.536,120
129.801,-143.437,120
131.587,-144.337,120
133.372,-145.238,120,0
134.005,-144.687,120
133.532,-142.744,120
133.059,-140.8,120
132.586,-138.857,120
132.114,-136.914,120
131.641,-134.97,120
131.169,-133.027,120
130.697,-131.083,120
130.226,-129.14,120
129.754,-127.196,120
129.283,-125.252,120
128.812,-123.309,120
128.342,-121.365,120
127.872,-119.421,120
127.402,-117.477,120
126.933,-115.532,120
126.464,-113.588,120
125.996,-111.644,120
125.529,-109.699,120
125.062,-107.754,120
124.596,-105.809,120
124.132,-103.864,120
123.669,-101.918,120
123.209,-99.972,120
122.751,-98.025,120
122.298,-96.077,120
121.854,-94.127,120
121.52,-92.314,120
122.083,-94.233,120
122.607,-96.163,120
123.124,-98.095,120
123.637,-100.028,120
124.148,-101.962,120
124.657,-103.896,120
125.166,-105.83,120,326.66666870117183
124.691,-103.925,120
124.208,-101.984,120
123.725,-100.043,120
123.245,-98.102,120
122.767,-96.16,120
122.293,-94.217,120
121.822,-92.273,120
121.356,-90.328,120
120.896,-88.382,120
120.441,-86.434,120
119.993,-84.485,120
119.552,-82.534,120
119.121,-80.581,120
118.698,-78.627,120
118.285,-76.67,120
117.884,-74.71,120
117.495,-72.748,120
117.119,-70.784,120
116.758,-68.817,120
116.412,-66.847,120
116.083,-64.874,120
115.774,-62.899,120
115.483,-60.92,120
115.214,-58.938,120
114.97,-56.953,120
114.749,-54.965,120
114.559,-52.974,120
114.395,-50.981,120
114.268,-48.985,120
114.173,-46.987,120
114.12,-44.988,120
114.106,-42.988,120
114.141,-40.989,120
114.225,-38.99,120
114.361,-36.995,120
114.561,-35.005,120
114.825,-33.023,120
115.159,-31.051,120
115.57,-29.094,120
116.068,-27.157,120
116.655,-25.246,120
117.339,-23.367,120
118.125,-21.528,120
119.02,-19.74,120
120.025,-18.011,120
121.143,-16.353,120
122.372,-14.777,120
123.71,-13.291,120
125.15,-11.903,120
126.684,-10.62,120
128.304,-9.448,120
129.998,-8.386,120
131.755,-7.431,120
133.564,-6.579,120
135.417,-5.828,120
137.307,-5.175,120
139.224,-4.606,120
141.166,-4.127,120
143.123,-3.718,120
145.096,-3.387,120
147.077,-3.117,120
149.066,-2.909,120
151.061,-2.76,120
153.058,-2.661,120
155.057,-2.608,120
156.961,-2.6,120,270
156.961,-2.6,0,270
#PATH-POINTS-START part 5
157.736,-2.715,120,276.6666717529296
157.31,-0.761,120
156.884,1.193,120
156.457,3.147,120
156.031,5.101,120
155.605,7.055,120
155.178,9.009,120
154.752,10.963,120
154.326,12.917,120
153.899,14.871,120
153.473,16.825,120
153.047,18.779,120
152.62,20.733,120
152.194,22.687,120
151.768,24.641,120
151.341,26.595,120
150.915,28.549,120
150.489,30.503,120
150.062,32.457,120
149.636,34.411,120
149.21,36.365,120
148.783,38.319,120
148.463,40.281,120,0
148.606,42.276,120
148.75,44.271,120
148.893,46.266,120
149.037,48.26,120
149.18,50.255,120
149.324,52.25,120
149.467,54.245,120
149.611,56.24,120
149.754,58.235,120
149.898,60.229,120
150.041,62.224,120
150.185,64.219,120
150.328,66.214,120
150.472,68.209,120
150.615,70.204,120
150.759,72.199,120
150.902,74.193,120
151.046,76.188,120
151.189,78.183,120
151.333,80.178,120
151.476,82.173,120
151.62,84.168,120
151.763,86.162,120
151.907,88.157,120
152.05,90.152,120
152.194,92.147,120
152.337,94.142,120
152.481,96.137,120
152.624,98.132,120
152.768,100.126,120
152.912,102.121,120
153.055,104.116,120
153.199,106.111,120
153.342,108.106,120
153.486,110.101,120
153.629,112.095,120
153.773,114.09,120
153.916,116.085,120
154.06,118.08,120
154.203,120.075,120
154.347,122.07,120
154.49,124.065,120
154.634,126.059,120
154.777,128.054,120
154.921,130.049,120
155.064,132.044,120
155.208,134.039,120
155.351,136.034,120
155.495,138.028,120
155.638,140.023,120
155.782,142.018,120
155.925,144.013,120
156.069,146.008,120
155.992,147.945,120,16.666665649414064
154.151,147.939,120
152.491,146.828,120
150.951,145.552,120
149.449,144.232,120
147.945,142.914,120
146.41,141.631,120
144.819,140.421,120
143.134,139.345,120
141.312,138.528,120
139.343,138.272,120
137.521,139.025,120
136.278,140.575,120
135.502,142.415,120
135.003,144.351,120
134.678,146.324,120
133.625,147.004,120,276.6666717529296
131.736,146.348,120
129.847,145.692,120
127.958,145.035,120
126.068,144.379,120
124.179,143.723,120
122.29,143.066,120
120.401,142.41,120
118.511,141.753,120
116.622,141.097,120
114.733,140.441,120
112.844,139.784,120
110.954,139.128,120
109.065,138.472,120
107.176,137.815,120
105.287,137.159,120
103.398,136.503,120
101.508,135.846,120
99.619,135.19,120
97.73,134.534,120
95.841,133.877,120
93.951,133.221,120
92.062,132.564,120
90.173,131.908,120
88.284,131.252,120
86.394,130.595,120
84.505,129.939,120
82.616,129.283,120
80.727,128.626,120
78.838,127.97,120
76.948,127.314,120
75.059,126.657,120
73.175,125.99,120,243.33334045410143
71.385,125.096,120
69.585,124.226,120
67.772,123.381,120
65.947,122.563,120
64.109,121.774,120
62.259,121.015,120
60.393,120.294,120
58.515,119.608,120
56.623,118.96,120
54.715,118.36,120
52.794,117.804,120
50.858,117.302,120
48.909,116.853,120
46.946,116.471,120
44.972,116.153,120
42.987,115.909,120
40.993,115.75,120
38.995,115.679,120
36.995,115.705,120
35,115.836,120
33.015,116.08,120
31.049,116.444,120
29.111,116.937,120
27.211,117.56,120
25.359,118.313,120
23.567,119.2,120
21.842,120.211,120
20.193,121.343,120
18.625,122.583,120
17.142,123.924,120
15.742,125.352,120
14.428,126.859,120
13.191,128.43,120
12.033,130.061,120
10.943,131.738,120
9.921,133.457,120
8.958,135.209,120
8.05,136.991,120
7.189,138.797,120
6.373,140.622,120
5.593,142.464,120
4.846,144.319,120
4.125,146.185,120
3.426,148.059,120
2.742,149.938,120
2.068,151.821,120
1.398,153.706,120
0.725,155.589,120
0.065,155.492,120,180
-0.801,153.69,120
-1.744,151.926,120
-2.713,150.177,120
-3.694,148.434,120
-4.679,146.693,120
-5.664,144.952,120
-6.647,143.211,120
-7.626,141.467,120
-8.599,139.719,120
-9.566,137.969,120
-10.526,136.214,120
-11.478,134.455,120
-12.422,132.692,120
-13.356,130.924,120
-14.282,129.151,120
-15.196,127.372,120
-16.102,125.589,120
-16.995,123.8,120
-17.878,122.005,120
-18.749,120.204,120
-19.607,118.398,120
-20.453,116.585,120
-21.285,114.767,120
-22.105,112.943,120
-22.909,111.112,120
-23.699,109.274,120
-24.474,107.431,120
-25.234,105.581,120
-25.977,103.724,120
-26.702,101.86,120
-27.41,99.989,120
-28.101,98.112,120
-28.773,96.229,120
-29.423,94.337,120
-30.053,92.439,120
-30.662,90.534,120
-31.25,88.623,120
-31.815,86.704,120
-32.355,84.778,120
-32.868,82.845,120
-33.356,80.906,120
-33.817,78.96,120
-34.251,77.007,120
-34.655,75.049,120
-35.025,73.083,120
-35.363,71.112,120
-35.668,69.135,120
-35.938,67.154,120
-36.172,65.168,120
-36.363,63.177,120
-36.515,61.183,120
-36.626,59.186,120
-36.695,57.187,120
-36.713,55.187,120
-36.683,53.187,120
-36.604,51.189,120
-36.476,49.193,120
-36.289,47.202,120
-36.045,45.217,120
-35.746,43.24,120
-35.389,41.272,120
-34.964,39.318,120
-34.477,37.378,120
-33.928,35.455,120
-33.314,33.552,120
-32.627,31.674,120
-31.613,29.2,120,135
-31.613,29.2,0,135
#PATH.JERRYIO-DATA {"appVersion":"0.8.3","format":"path.jerryio v0.1","gc":{"robotWidth":15.1,"robotHeight":15.1,"robotIsHolonomic":true,"showRobot":true,"uol":2.54,"pointDensity":0.7874015748031495,"controlMagnetDistance":1.968503937007874,"fieldImage":{"displayName":"V5RC 2025 - High Stakes (Skills)","signature":"V5RC 2025 - High Stakes (Skills)","origin":{"__type":"built-in"}},"coordinateSystem":"VEX Gaming Positioning System"},"paths":[{"segments":[{"controls":[{"uid":"huqihO01kZ","x":-61.18795364955169,"y":-0.8320218248254934,"lock":false,"visible":true,"heading":90,"__type":"end-point"},{"uid":"mtw2u7RX2H","x":-50.41062164550288,"y":11.187028983873827,"lock":false,"visible":true,"__type":"control"},{"uid":"TW5hYldbsF","x":-57.15963885920046,"y":8.275263740678067,"lock":false,"visible":true,"__type":"control"},{"uid":"bZGsETqqy0","x":-47.0505349815724,"y":14.456302494725104,"lock":false,"visible":true,"heading":180,"__type":"end-point"}],"speedProfiles":[],"lookaheadKeyframes":[],"uid":"9ShKOL3PUu"},{"controls":[{"uid":"bZGsETqqy0","x":-47.0505349815724,"y":14.456302494725104,"lock":false,"visible":true,"heading":180,"__type":"end-point"},{"uid":"p1CMw1eRR7","x":-49.10491490671128,"y":3.759186105742905,"lock":false,"visible":true,"__type":"control"},{"uid":"jVhvEmMPC9","x":-39.34519244299717,"y":-4.708242420454481,"lock":false,"visible":true,"__type":"control"},{"uid":"lon5oRNHOV","x":-28.02957219521268,"y":15.962051191393185,"lock":false,"visible":true,"heading":30.000000000000007,"__type":"end-point"}],"speedProfiles":[],"lookaheadKeyframes":[],"uid":"VaT2CjXK0z"},{"controls":[{"uid":"lon5oRNHOV","x":-28.02957219521268,"y":15.962051191393185,"lock":false,"visible":true,"heading":30.000000000000007,"__type":"end-point"},{"uid":"OSCIdtrR2W","x":-3.9025596792310364,"y":52.266810533398235,"lock":false,"visible":true,"heading":60.30302779667967,"__type":"end-point"}],"speedProfiles":[],"lookaheadKeyframes":[],"uid":"svdpnhZSi8"},{"controls":[{"uid":"OSCIdtrR2W","x":-3.9025596792310364,"y":52.266810533398235,"lock":false,"visible":true,"heading":60.30302779667967,"__type":"end-point"},{"uid":"F4L53dKsjG","x":5.989647672929868,"y":70.1984277934719,"lock":false,"visible":true,"__type":"control"},{"uid":"Ea3P4RtMMi","x":-2.9183273617927656,"y":65.9823382402893,"lock":false,"visible":true,"__type":"control"},{"uid":"XnK9wyC10n","x":-9.196368259585535,"y":61.26081849511882,"lock":false,"visible":true,"heading":0,"__type":"end-point"}],"speedProfiles":[],"lookaheadKeyframes":[],"uid":"faW0pY1qU3"},{"controls":[{"uid":"XnK9wyC10n","x":-9.196368259585535,"y":61.26081849511882,"lock":false,"visible":true,"heading":0,"__type":"end-point"},{"uid":"RUKwwlJlzn","x":-16.796101977966245,"y":52.33939195615016,"lock":false,"visible":true,"heading":223.63637491494154,"__type":"end-point"}],"speedProfiles":[],"lookaheadKeyframes":[],"uid":"MozwoXRwNa"},{"controls":[{"uid":"RUKwwlJlzn","x":-16.796101977966245,"y":52.33939195615016,"lock":false,"visible":true,"heading":223.63637491494154,"__type":"end-point"},{"uid":"Vu4BWWtkPe","x":-24.395835696346957,"y":43.4179654171815,"lock":false,"visible":true,"__type":"control"},{"uid":"GCcNf7ddHv","x":-27.78692572258745,"y":44.371105497431884,"lock":false,"visible":true,"__type":"control"},{"uid":"r6zaKQDECo","x":-33.52846554205623,"y":46.64637358637317,"lock":false,"visible":true,"heading":248.8888956705728,"__type":"end-point"}],"speedProfiles":[],"lookaheadKeyframes":[],"uid":"jG0ofWO0Dt"},{"controls":[{"uid":"r6zaKQDECo","x":-33.52846554205623,"y":46.64637358637317,"lock":false,"visible":true,"heading":248.8888956705728,"__type":"end-point"},{"uid":"LN3ZAuOO40","x":-36.33391474346175,"y":47.649914121133776,"lock":false,"visible":true,"__type":"control"},{"uid":"PDbBk5YDmb","x":-43.664780275353166,"y":47.23398603468024,"lock":false,"visible":true,"__type":"control"},{"uid":"cMBBSugIFc","x":-52.03825766372889,"y":46.94017981052671,"lock":false,"visible":true,"heading":271.1111165364582,"__type":"end-point"}],"speedProfiles":[],"lookaheadKeyframes":[],"uid":"mu9ZO5MYYB"},{"controls":[{"uid":"cMBBSugIFc","x":-52.03825766372889,"y":46.94017981052671,"lock":false,"visible":true,"heading":271.1111165364582,"__type":"end-point"},{"uid":"ETJaxDm64i","x":-65.39499885417872,"y":39.62566820133568,"lock":false,"visible":true,"__type":"control"},{"uid":"atxK9BdBqz","x":-80.13917622061143,"y":58.50197170867945,"lock":false,"visible":true,"__type":"control"},{"uid":"viGeUuiKGd","x":-51.49602910747785,"y":57.281116257955716,"lock":false,"visible":true,"heading":44.44444173177083,"__type":"end-point"}],"speedProfiles":[],"lookaheadKeyframes":[],"uid":"buOhVxsljb"},{"controls":[{"uid":"viGeUuiKGd","x":-51.49602910747785,"y":57.281116257955716,"lock":false,"visible":true,"heading":44.44444173177083,"__type":"end-point"},{"uid":"jG1TMGvIxx","x":-35.42780119589403,"y":62.76109331908697,"lock":false,"visible":true,"__type":"control"},{"uid":"OL9j0alA6b","x":-51.99584167021604,"y":67.78324153393086,"lock":false,"visible":true,"__type":"control"},{"uid":"dZBTampjDQ","x":-64.02754786772577,"y":60.59435973081271,"lock":false,"visible":true,"heading":88.88888346354165,"__type":"end-point"}],"speedProfiles":[],"lookaheadKeyframes":[],"uid":"D3OindSLWP"},{"controls":[{"uid":"dZBTampjDQ","x":-64.02754786772577,"y":60.59435973081271,"lock":false,"visible":true,"heading":88.88888346354165,"__type":"end-point"},{"uid":"mp5m0qWpXE","x":-51.77424299590911,"y":63.294240465280794,"lock":false,"visible":true,"__type":"control"},{"uid":"4ymIltiMii","x":-43.30469427293964,"y":61.76601583808136,"lock":false,"visible":true,"__type":"control"},{"uid":"M23Zy2u0eV","x":-41.64322920557467,"y":54.912472435200854,"lock":false,"visible":true,"heading":188.88887736002602,"__type":"end-point"}],"speedProfiles":[],"lookaheadKeyframes":[],"uid":"hpcZQQlWD5"},{"controls":[{"uid":"M23Zy2u0eV","x":-41.64322920557467,"y":54.912472435200854,"lock":false,"visible":true,"heading":188.88887736002602,"__type":"end-point"},{"uid":"uWQjOZNBDI","x":-56.28957387011722,"y":25.436703797808956,"lock":false,"visible":true,"__type":"control"},{"uid":"PjkxrNd4iF","x":-42.111735609770314,"y":28.028168763045322,"lock":false,"visible":true,"__type":"control"},{"uid":"RYaOzDVc40","x":-37.43240511451869,"y":22.507434864900446,"lock":false,"visible":true,"heading":90,"__type":"end-point"}],"speedProfiles":[],"lookaheadKeyframes":[],"uid":"V4DC1PWuMk"},{"controls":[{"uid":"RYaOzDVc40","x":-37.43240511451869,"y":22.507434864900446,"lock":false,"visible":true,"heading":90,"__type":"end-point"},{"uid":"d8wJ31Yr3D","x":-34.869294798223734,"y":17.747372848924115,"lock":false,"visible":true,"__type":"control"},{"uid":"JCoYf5QIBZ","x":-30.605621788979846,"y":4.656866686741484,"lock":false,"visible":true,"__type":"control"},{"uid":"sM8OG77g2q","x":-48.05100499631204,"y":-14.657664721376303,"lock":false,"visible":true,"heading":0,"__type":"end-point"}],"speedProfiles":[],"lookaheadKeyframes":[],"uid":"gf3lqeni1P"}],"pc":{"speedLimit":{"minLimit":{"value":0,"label":"0"},"maxLimit":{"value":600,"label":"600"},"step":1,"from":40,"to":120},"bentRateApplicableRange":{"minLimit":{"value":0,"label":"0"},"maxLimit":{"value":1,"label":"1"},"step":0.001,"from":0,"to":0.1}},"name":"part1","uid":"iYOTyc6o2I","lock":true,"visible":true},{"segments":[{"controls":[{"uid":"YPNwDydkYm","x":-47.9402531067333,"y":-15.008795112718342,"lock":false,"visible":true,"heading":0,"__type":"end-point"},{"uid":"JUHZ9msx0U","x":-40.28910856584705,"y":-12.505178736669857,"lock":false,"visible":true,"__type":"control"},{"uid":"Ebfk4GJJQo","x":-39.66336496690729,"y":-9.167879542324457,"lock":false,"visible":true,"__type":"control"},{"uid":"JFmwxFpq1W","x":-30.48579218245741,"y":-17.406836928364665,"lock":false,"visible":true,"heading":116.66665954589843,"__type":"end-point"}],"speedProfiles":[],"lookaheadKeyframes":[],"uid":"F7ksSGeA3M"},{"controls":[{"uid":"JFmwxFpq1W","x":-30.48579218245741,"y":-17.406836928364665,"lock":false,"visible":true,"heading":116.66665954589843,"__type":"end-point"},{"uid":"Kew7HlvpqP","x":-21.30821939800755,"y":-25.645794314404874,"lock":false,"visible":true,"__type":"control"},{"uid":"qMb7bEaxSg","x":-0.6586806329953339,"y":-48.29334172988815,"lock":false,"visible":true,"__type":"control"},{"uid":"H0qBDSYjhQ","x":0.27993476541430784,"y":-52.34418786916812,"lock":false,"visible":true,"heading":183.3333221435547,"__type":"end-point"}],"speedProfiles":[],"lookaheadKeyframes":[],"uid":"mq3s4f9fF9"},{"controls":[{"uid":"H0qBDSYjhQ","x":0.27993476541430784,"y":-52.34418786916812,"lock":false,"visible":true,"heading":183.3333221435547,"__type":"end-point"},{"uid":"u4OiBXe7t8","x":1.2185501638239495,"y":-56.395034008448086,"lock":false,"visible":true,"__type":"control"},{"uid":"xsggwVpedH","x":-17.2458550008839,"y":-70.51619914622799,"lock":false,"visible":true,"__type":"control"},{"uid":"bfc8CfDlRA","x":-16.72440200176743,"y":-54.45544677344084,"lock":false,"visible":true,"heading":310.00000305175774,"__type":"end-point"}],"speedProfiles":[],"lookaheadKeyframes":[],"uid":"f0JmxL3Ifv"},{"controls":[{"uid":"bfc8CfDlRA","x":-16.72440200176743,"y":-54.45544677344084,"lock":false,"visible":true,"heading":310.00000305175774,"__type":"end-point"},{"uid":"gDOxrdTCfz","x":-23.21264558985612,"y":-44.34142000377318,"lock":false,"visible":true,"__type":"control"},{"uid":"qHxfcHvqDe","x":-32.37251889068721,"y":-44.91391208507512,"lock":false,"visible":true,"__type":"control"},{"uid":"OeDFfHMEMy","x":-39.62408525384516,"y":-47.01304971651558,"lock":false,"visible":true,"heading":270,"__type":"end-point"}],"speedProfiles":[],"lookaheadKeyframes":[],"uid":"LTiEA1Bun0"},{"controls":[{"uid":"OeDFfHMEMy","x":-39.62408525384516,"y":-47.01304971651558,"lock":false,"visible":true,"heading":270,"__type":"end-point"},{"uid":"Wp88mWw4ar","x":-46.87565161700311,"y":-49.112187347956045,"lock":false,"visible":true,"__type":"control"},{"uid":"3aLKeodKcp","x":-42.24167696020852,"y":-47.75039583256025,"lock":false,"visible":true,"__type":"control"},{"uid":"hWI7QNfW9h","x":-56.362674874723176,"y":-47.01701418346395,"lock":false,"visible":true,"heading":266.66665039062497,"__type":"end-point"}],"speedProfiles":[],"lookaheadKeyframes":[],"uid":"EBUgVFMb3C"},{"controls":[{"uid":"hWI7QNfW9h","x":-56.362674874723176,"y":-47.01701418346395,"lock":false,"visible":true,"heading":266.66665039062497,"__type":"end-point"},{"uid":"QvwLd1Vwst","x":-64.75097246942445,"y":-49.56997432098173,"lock":false,"visible":true,"__type":"control"},{"uid":"xg5q0JsMCD","x":-74.48018406323104,"y":-63.26844146613004,"lock":false,"visible":true,"__type":"control"},{"uid":"ql3xKROddd","x":-62.92742951405461,"y":-62.699483599644594,"lock":false,"visible":true,"heading":166.6666564941406,"__type":"end-point"}],"speedProfiles":[],"lookaheadKeyframes":[],"uid":"yjcATFIdQD"},{"controls":[{"uid":"ql3xKROddd","x":-62.92742951405461,"y":-62.699483599644594,"lock":false,"visible":true,"heading":166.6666564941406,"__type":"end-point"},{"uid":"5FGTnZbvg9","x":-60.07419471580928,"y":-63.08608717059305,"lock":false,"visible":true,"__type":"control"},{"uid":"ju5sdIJAdb","x":-63.96441968726495,"y":-63.57236529202501,"lock":false,"visible":true,"__type":"control"},{"uid":"k1b0bZaF1c","x":-55.26854910150128,"y":-61.4230035308857,"lock":false,"visible":true,"heading":66.66666259765626,"__type":"end-point"}],"speedProfiles":[],"lookaheadKeyframes":[],"uid":"EsNFUH8tRU"},{"controls":[{"uid":"k1b0bZaF1c","x":-55.26854910150128,"y":-61.4230035308857,"lock":false,"visible":true,"heading":66.66666259765626,"__type":"end-point"},{"uid":"pz0Kva24kY","x":-58.76935295479256,"y":-62.59374883292244,"lock":false,"visible":true,"heading":90,"__type":"end-point"}],"speedProfiles":[],"lookaheadKeyframes":[],"uid":"iMxpjHcTvm"},{"controls":[{"uid":"pz0Kva24kY","x":-58.76935295479256,"y":-62.59374883292244,"lock":false,"visible":true,"heading":90,"__type":"end-point"},{"uid":"415mMVBKmu","x":-58.516323936809286,"y":-62.08867452413342,"lock":false,"visible":true,"heading":90,"__type":"end-point"}],"speedProfiles":[],"lookaheadKeyframes":[],"uid":"P1YFUkIVmT"},{"controls":[{"uid":"415mMVBKmu","x":-58.516323936809286,"y":-62.08867452413342,"lock":false,"visible":true,"heading":90,"__type":"end-point"},{"uid":"NkL0BY6WVZ","x":-42.868207047889506,"y":-62.279505217900734,"lock":false,"visible":true,"heading":66.66666259765626,"__type":"end-point"}],"speedProfiles":[],"lookaheadKeyframes":[],"uid":"9qVUJYlT4p"},{"controls":[{"uid":"NkL0BY6WVZ","x":-42.868207047889506,"y":-62.279505217900734,"lock":false,"visible":true,"heading":66.66666259765626,"__type":"end-point"},{"uid":"AHnX7vC3mX","x":0.0686990497562358,"y":-40.715636822194206,"lock":false,"visible":true,"heading":66.667,"__type":"end-point"}],"speedProfiles":[],"lookaheadKeyframes":[],"uid":"hP3lxNLNq6"}],"pc":{"speedLimit":{"minLimit":{"value":0,"label":"0"},"maxLimit":{"value":600,"label":"600"},"step":1,"from":40,"to":120},"bentRateApplicableRange":{"minLimit":{"value":0,"label":"0"},"maxLimit":{"value":1,"label":"1"},"step":0.001,"from":0,"to":0.1}},"name":"part2","uid":"iYqNehHOzb","lock":true,"visible":true},{"segments":[{"controls":[{"uid":"8XmmzzCKqu","x":0.08125027583978052,"y":-40.55521942624,"lock":false,"visible":true,"heading":49.99999694824219,"__type":"end-point"},{"uid":"6Yeht7FoA8","x":8.574396754273137,"y":-32.54134636747741,"lock":false,"visible":true,"__type":"control"},{"uid":"wjkC7Um1g8","x":5.269264065843436,"y":-27.88422979781069,"lock":false,"visible":true,"__type":"control"},{"uid":"R7DrYIjKDL","x":17.06754323270649,"y":-24.52747330871482,"lock":false,"visible":true,"heading":83.33366564941406,"__type":"end-point"}],"speedProfiles":[],"lookaheadKeyframes":[],"uid":"Fk6IHvz5cf"},{"controls":[{"uid":"R7DrYIjKDL","x":17.06754323270649,"y":-24.52747330871482,"lock":false,"visible":true,"heading":83.33366564941406,"__type":"end-point"},{"uid":"IcVsMEZiHn","x":28.865822399569545,"y":-21.170716819618953,"lock":false,"visible":true,"__type":"control"},{"uid":"MkDKdDvIcn","x":29.64745658368997,"y":-19.533429814022305,"lock":false,"visible":true,"__type":"control"},{"uid":"UZlIP5Vdg4","x":35.50235443093002,"y":-24.294505983877052,"lock":false,"visible":true,"heading":166.6666564941406,"__type":"end-point"}],"speedProfiles":[],"lookaheadKeyframes":[],"uid":"ncksCdd9Wb"},{"controls":[{"uid":"UZlIP5Vdg4","x":35.50235443093002,"y":-24.294505983877052,"lock":false,"visible":true,"heading":166.6666564941406,"__type":"end-point"},{"uid":"SlaZcO2Klq","x":41.357252278170066,"y":-29.055582153731798,"lock":false,"visible":true,"__type":"control"},{"uid":"EZzOe6cen4","x":43.768927922471235,"y":-38.044007109451805,"lock":false,"visible":true,"__type":"control"},{"uid":"kndhTpgIFr","x":30.410779358759225,"y":-44.34142000377318,"lock":false,"visible":true,"heading":243.33334045410143,"__type":"end-point"}],"speedProfiles":[],"lookaheadKeyframes":[],"uid":"DWmbU7RNII"},{"controls":[{"uid":"kndhTpgIFr","x":30.410779358759225,"y":-44.34142000377318,"lock":false,"visible":true,"heading":243.33334045410143,"__type":"end-point"},{"uid":"ykjOhpfvaV","x":-4.702068294426624,"y":-30.792440746293856,"lock":false,"visible":true,"__type":"control"},{"uid":"LxdRc6n56B","x":-0.2596061623718898,"y":-48.636093118608485,"lock":false,"visible":true,"__type":"control"},{"uid":"K0GysS8V8r","x":-0.12213164401107861,"y":-62.08867452413342,"lock":false,"visible":true,"heading":0,"__type":"end-point"}],"speedProfiles":[],"lookaheadKeyframes":[],"uid":"WDFxpesMIz"}],"pc":{"speedLimit":{"minLimit":{"value":0,"label":"0"},"maxLimit":{"value":600,"label":"600"},"step":1,"from":40,"to":120},"bentRateApplicableRange":{"minLimit":{"value":0,"label":"0"},"maxLimit":{"value":1,"label":"1"},"step":0.001,"from":0,"to":0.1}},"name":"part 3","uid":"uIDn0fHXid","lock":true,"visible":true},{"segments":[{"controls":[{"uid":"unwIjWAIbl","x":-0.5037930315457074,"y":-63.2336586867373,"lock":false,"visible":true,"heading":0,"__type":"end-point"},{"uid":"xxCepOy1u0","x":22.738682829101837,"y":-37.96978275257897,"lock":false,"visible":true,"__type":"control"},{"uid":"70Tdv5VPwN","x":34.27760007102639,"y":-29.24232062545761,"lock":false,"visible":true,"__type":"control"},{"uid":"69IGg0Ilcy","x":46.42436497216091,"y":-18.691315520706354,"lock":false,"visible":true,"heading":116.66665954589843,"__type":"end-point"}],"speedProfiles":[],"lookaheadKeyframes":[],"uid":"QqotNEzLkk"},{"controls":[{"uid":"69IGg0Ilcy","x":46.42436497216091,"y":-18.691315520706354,"lock":false,"visible":true,"heading":116.66665954589843,"__type":"end-point"},{"uid":"pu9rjPdHBw","x":52.64846374806506,"y":-19.632534022015598,"lock":false,"visible":true,"__type":"control"},{"uid":"3BKR9gxXhV","x":51.13518433103812,"y":-11.093219780581821,"lock":false,"visible":true,"__type":"control"},{"uid":"hkmFLQQxTD","x":47.640060290580834,"y":-10.181448291766877,"lock":false,"visible":true,"heading":180,"__type":"end-point"}],"speedProfiles":[],"lookaheadKeyframes":[],"uid":"7q71n0AB8X"},{"controls":[{"uid":"hkmFLQQxTD","x":47.640060290580834,"y":-10.181448291766877,"lock":false,"visible":true,"heading":180,"__type":"end-point"},{"uid":"qSUxUY1LfP","x":44.14493625012355,"y":-9.269676802951933,"lock":false,"visible":true,"__type":"control"},{"uid":"Ebu7rXBeBR","x":31.8360211511218,"y":3.951009784864758,"lock":false,"visible":true,"__type":"control"},{"uid":"b2Ia8FAJpK","x":26.06146838862715,"y":15.956001054261522,"lock":false,"visible":true,"heading":343.3333343505859,"__type":"end-point"}],"speedProfiles":[],"lookaheadKeyframes":[],"uid":"VuD66mx0UQ"},{"controls":[{"uid":"b2Ia8FAJpK","x":26.06146838862715,"y":15.956001054261522,"lock":false,"visible":true,"heading":343.3333343505859,"__type":"end-point"},{"uid":"vdsSDdDtrE","x":19.071220307712583,"y":31.000230619708102,"lock":false,"visible":true,"__type":"control"},{"uid":"QtfwOA7xOq","x":24.693811155404738,"y":39.662059763450074,"lock":false,"visible":true,"__type":"control"},{"uid":"cpFFVB15sb","x":38.67430731723388,"y":43.00522188910487,"lock":false,"visible":true,"heading":49.99999694824219,"__type":"end-point"}],"speedProfiles":[],"lookaheadKeyframes":[],"uid":"k1g6gceyVv"},{"controls":[{"uid":"cpFFVB15sb","x":38.67430731723388,"y":43.00522188910487,"lock":false,"visible":true,"heading":49.99999694824219,"__type":"end-point"},{"uid":"WJbAWIN50u","x":52.65480347906303,"y":46.34838401475966,"lock":false,"visible":true,"heading":83.33332824707031,"__type":"end-point"}],"speedProfiles":[],"lookaheadKeyframes":[],"uid":"IWrdJQgRnY"},{"controls":[{"uid":"WJbAWIN50u","x":52.65480347906303,"y":46.34838401475966,"lock":false,"visible":true,"heading":83.33332824707031,"__type":"end-point"},{"uid":"KLoQeVAIRk","x":5.698571805093401,"y":5.014743188482193,"lock":false,"visible":true,"heading":226.66667480468737,"__type":"end-point"}],"speedProfiles":[],"lookaheadKeyframes":[],"uid":"198fjtvzxl"},{"controls":[{"uid":"KLoQeVAIRk","x":5.698571805093401,"y":5.014743188482193,"lock":false,"visible":true,"heading":226.66667480468737,"__type":"end-point"},{"uid":"xe8lXQm1fW","x":1.1397143610186802,"y":4.254933614469739,"lock":false,"visible":true,"__type":"control"},{"uid":"JeUwkbvjLU","x":-9.80154350476065,"y":-33.12769742694297,"lock":false,"visible":true,"__type":"control"},{"uid":"SexRipfN3h","x":17.399639244885183,"y":-16.563848713471486,"lock":false,"visible":true,"heading":133.33332519531248,"__type":"end-point"}],"speedProfiles":[],"lookaheadKeyframes":[],"uid":"gyJdNNT4Uu"},{"controls":[{"uid":"SexRipfN3h","x":17.399639244885183,"y":-16.563848713471486,"lock":false,"visible":true,"heading":133.33332519531248,"__type":"end-point"},{"uid":"u2133QRCHv","x":33.81152604355418,"y":-36.16693572299278,"lock":false,"visible":true,"__type":"control"},{"uid":"dQhGDH3POs","x":17.39963924488518,"y":-29.024725727275722,"lock":false,"visible":true,"__type":"control"},{"uid":"FHQLhbtRgl","x":40.345888380061275,"y":-42.3973742298949,"lock":false,"visible":true,"heading":133.33332519531248,"__type":"end-point"}],"speedProfiles":[],"lookaheadKeyframes":[],"uid":"XhwPgEJK46"},{"controls":[{"uid":"FHQLhbtRgl","x":40.345888380061275,"y":-42.3973742298949,"lock":false,"visible":true,"heading":133.33332519531248,"__type":"end-point"},{"uid":"Du7OGZZdfF","x":53.110689223470494,"y":-46.956231673969626,"lock":false,"visible":true,"heading":199.9999877929687,"__type":"end-point"}],"speedProfiles":[],"lookaheadKeyframes":[],"uid":"1y9b1ea7lb"},{"controls":[{"uid":"Du7OGZZdfF","x":53.110689223470494,"y":-46.956231673969626,"lock":false,"visible":true,"heading":199.9999877929687,"__type":"end-point"},{"uid":"zJyE7tg3GG","x":54.17442262708793,"y":-51.81901294764933,"lock":false,"visible":true,"heading":216.6666534423828,"__type":"end-point"}],"speedProfiles":[],"lookaheadKeyframes":[],"uid":"HzN33mifUd"},{"controls":[{"uid":"zJyE7tg3GG","x":54.17442262708793,"y":-51.81901294764933,"lock":false,"visible":true,"heading":216.6666534423828,"__type":"end-point"},{"uid":"zhUrmXvXET","x":41.60715006552335,"y":-62.3179172735923,"lock":false,"visible":true,"heading":260.0000061035155,"__type":"end-point"}],"speedProfiles":[],"lookaheadKeyframes":[],"uid":"1INIGjQuqF"},{"controls":[{"uid":"zhUrmXvXET","x":41.60715006552335,"y":-62.3179172735923,"lock":false,"visible":true,"heading":260.0000061035155,"__type":"end-point"},{"uid":"Smjk2SHinu","x":59.049638475062736,"y":-62.35502598920684,"lock":false,"visible":true,"heading":270,"__type":"end-point"}],"speedProfiles":[],"lookaheadKeyframes":[],"uid":"UEvrc9vBM6"},{"controls":[{"uid":"Smjk2SHinu","x":59.049638475062736,"y":-62.35502598920684,"lock":false,"visible":true,"heading":270,"__type":"end-point"},{"uid":"CqSOdGfgdM","x":11.4116464046295,"y":-36.449873404229194,"lock":false,"visible":true,"__type":"control"},{"uid":"TsCGYB9JkV","x":32.13228513079571,"y":-46.901877009463476,"lock":false,"visible":true,"__type":"control"},{"uid":"M5R5LumJ57","x":52.85292385696191,"y":-57.35388061469775,"lock":false,"visible":true,"heading":0,"__type":"end-point"}],"speedProfiles":[],"lookaheadKeyframes":[],"uid":"ESZtoO2O1C"},{"controls":[{"uid":"M5R5LumJ57","x":52.85292385696191,"y":-57.35388061469775,"lock":false,"visible":true,"heading":0,"__type":"end-point"},{"uid":"TfTy2EW6Ey","x":45.97660569562356,"y":-29.115134032134957,"lock":false,"visible":true,"__type":"control"},{"uid":"XPuCAU9dVI","x":47.62817236943424,"y":-35.39374963306214,"lock":false,"visible":true,"__type":"control"},{"uid":"FKHUfGUAGm","x":49.27973904324491,"y":-41.672365233989325,"lock":false,"visible":true,"heading":326.66666870117183,"__type":"end-point"}],"speedProfiles":[],"lookaheadKeyframes":[],"uid":"ELZQfGCNX9"},{"controls":[{"uid":"FKHUfGUAGm","x":49.27973904324491,"y":-41.672365233989325,"lock":false,"visible":true,"heading":326.66666870117183,"__type":"end-point"},{"uid":"PbK4tuObZ8","x":44.190013288765066,"y":-21.274376341780748,"lock":false,"visible":true,"__type":"control"},{"uid":"iXq1hrsEMT","x":39.10028753428522,"y":-0.8763874495721736,"lock":false,"visible":true,"__type":"control"},{"uid":"gOI55kvd51","x":61.795828133187264,"y":-1.0234569577585202,"lock":false,"visible":true,"heading":270,"__type":"end-point"}],"speedProfiles":[],"lookaheadKeyframes":[],"uid":"VQIihyI1Xh"}],"pc":{"speedLimit":{"minLimit":{"value":0,"label":"0"},"maxLimit":{"value":600,"label":"600"},"step":1,"from":40,"to":120},"bentRateApplicableRange":{"minLimit":{"value":0,"label":"0"},"maxLimit":{"value":1,"label":"1"},"step":0.001,"from":0,"to":0.1}},"name":"part 4","uid":"Mav9wWmQsI","lock":true,"visible":true},{"segments":[{"controls":[{"uid":"e6CUSVtQga","x":62.10096031742331,"y":-1.0689732607188158,"lock":false,"visible":true,"heading":276.6666717529296,"__type":"end-point"},{"uid":"HBv8KlfsMb","x":58.439374106590606,"y":15.713296872264557,"lock":false,"visible":true,"heading":0,"__type":"end-point"}],"speedProfiles":[],"lookaheadKeyframes":[],"uid":"gRhmg6w9li"},{"controls":[{"uid":"HBv8KlfsMb","x":58.439374106590606,"y":15.713296872264557,"lock":false,"visible":true,"heading":0,"__type":"end-point"},{"uid":"gZpXd41Hli","x":61.490695948951185,"y":58.12667048107708,"lock":false,"visible":true,"heading":16.666665649414064,"__type":"end-point"}],"speedProfiles":[],"lookaheadKeyframes":[],"uid":"NPAubQceLJ"},{"controls":[{"uid":"gZpXd41Hli","x":61.490695948951185,"y":58.12667048107708,"lock":false,"visible":true,"heading":16.666665649414064,"__type":"end-point"},{"uid":"12RUTFtWXH","x":60.53473407900921,"y":60.14557470238602,"lock":false,"visible":true,"__type":"control"},{"uid":"dqjTeyUa4z","x":53.91301228215708,"y":48.97722007529844,"lock":false,"visible":true,"__type":"control"},{"uid":"MaonIbC5nr","x":52.97578398643894,"y":58.00335984700408,"lock":false,"visible":true,"heading":276.6666717529296,"__type":"end-point"}],"speedProfiles":[],"lookaheadKeyframes":[],"uid":"D6WJtaXAA5"},{"controls":[{"uid":"MaonIbC5nr","x":52.97578398643894,"y":58.00335984700408,"lock":false,"visible":true,"heading":276.6666717529296,"__type":"end-point"},{"uid":"o1s56zEoU9","x":28.841552235692642,"y":49.61865258551993,"lock":false,"visible":true,"heading":243.33334045410143,"__type":"end-point"}],"speedProfiles":[],"lookaheadKeyframes":[],"uid":"MMmGPLjVUx"},{"controls":[{"uid":"o1s56zEoU9","x":28.841552235692642,"y":49.61865258551993,"lock":false,"visible":true,"heading":243.33334045410143,"__type":"end-point"},{"uid":"j4za0PY735","x":7.024601062814263,"y":38.51701112395627,"lock":false,"visible":true,"__type":"control"},{"uid":"zZK9rY6C46","x":3.4235331868345873,"y":52.637539273577865,"lock":false,"visible":true,"__type":"control"},{"uid":"5EESvCuIAu","x":0.15780775903681654,"y":61.60770923228134,"lock":false,"visible":true,"heading":180,"__type":"end-point"}],"speedProfiles":[],"lookaheadKeyframes":[],"uid":"JqbGHnhzX5"},{"controls":[{"uid":"5EESvCuIAu","x":0.15780775903681654,"y":61.60770923228134,"lock":false,"visible":true,"heading":180,"__type":"end-point"},{"uid":"ZmyK5aoXtW","x":-0.3143360700571686,"y":59.02747351100887,"lock":false,"visible":true,"__type":"control"},{"uid":"ZiJX29X3rA","x":-20.824690875048532,"y":30.495476027841196,"lock":false,"visible":true,"__type":"control"},{"uid":"vMQkRDmUNV","x":-12.446015494690963,"y":11.49612280179743,"lock":false,"visible":true,"heading":135,"__type":"end-point"}],"speedProfiles":[],"lookaheadKeyframes":[],"uid":"ss8CGNkqMt"}],"pc":{"speedLimit":{"minLimit":{"value":0,"label":"0"},"maxLimit":{"value":600,"label":"600"},"step":1,"from":40,"to":120},"bentRateApplicableRange":{"minLimit":{"value":0,"label":"0"},"maxLimit":{"value":1,"label":"1"},"step":0.001,"from":0,"to":0.1}},"name":"part 5","uid":"iUtGUxKhIg","lock":true,"visible":true}]}